349 
191 48 273 348 179 206 175 20 202 202 
300 401 360 304 403 495 385 127 93 433 
124 272 89 144 268 28 80 374 274 234 
396 206 171 490 29 417 124 316 400 170 
316 76 460 470 295 179 334 240 176 397 
83 78 429 356 51 43 304 153 384 75 
197 401 229 488 355 248 3 58 495 375 
121 62 20 204 166 350 342 201 402 212 
199 299 147 140 495 239 369 320 330 327 
119 321 429 181 485 355 442 131 272 424 
416 168 461 332 283 41 483 232 25 426 
280 15 344 201 117 128 24 272 92 399 
284 18 230 211 164 461 151 381 405 93 
196 93 425 78 428 290 252 314 267 180 
385 487 53 345 189 293 219 329 476 365 
117 326 151 410 131 288 312 72 132 363 
384 247 474 361 351 476 391 213 261 291 
330 404 137 287 116 393 127 55 115 464 
438 375 488 370 44 409 32 330 135 211 
422 365 268 152 267 224 214 222 452 213 
387 473 272 38 158 92 424 412 400 194 
33 84 85 154 365 100 94 431 153 361 
362 315 483 270 153 120 58 482 259 262 
386 132 313 272 410 27 318 309 95 271 
485 273 136 386 203 54 173 149 322 238 
450 222 88 380 323 239 457 489 449 252 
447 386 175 376 265 156 73 274 117 388 
88 489 477 405 110 107 249 308 201 150 
298 320 309 134 310 164 21 406 252 240 
14 415 346 278 434 415 346 123 101 196 
42 22 88 497 407 369 177 384 58 442 
88 282 260 452 337 22 371 234 109 418 
184 125 283 24 301 243 359 175 400 447 
430 419 486 380 189 21 7 300 382 335 
237 409 145 15 48 66 150 254 157 213 
388 329 485 140 249 376 354 340 269 388 
292 119 126 360 83 13 133 99 345 352 
151 355 217 443 482 132 396 27 231 93 
139 296 414 18 41 72 133 407 307 453 
230 359 153 316 77 332 39 496 292 455 
28 43 350 92 330 40 25 93 256 18 
324 482 281 370 213 94 73 166 42 5 
321 110 481 2 104 189 362 265 249 281 
390 256 199 68 421 257 28 444 125 165 
232 498 464 116 453 160 390 55 75 267 
262 366 345 314 133 456 125 178 390 480 
45 129 232 299 288 78 441 237 405 182 
256 459 193 350 11 37 212 136 62 218 
229 351 20 330 251 436 192 228 381 77 
436 417 210 394 123 403 272 186 284 