441
305
310
144
260
327
196
38
93
436
104
271
189
241
464
411
112
342
112
284
143
12
314
444
105
121
341
166
59
90
444
115
292
15
293
189
252
13
300
36
217
385
41
348
339
211
387
27
284
187
131
188
100
217
414
18
487
365
244
276
314
429
414
446
312
402
122
318
300
144
50
104
220
350
368
1
91
70
404
312
438
213
272
7
224
16
90
207
272
191
296
15
321
129
367
436
10
245
496
15
90
463
129
87
244
317
47
308
55
349
428
416
364
355
431
228
49
193
249
323
94
217
403
500
371
398
341
190
299
380
385
324
264
289
321
470
427
480
134
195
183
400
96
432
500
161
486
55
58
239
17
470
84
253
324
135
172
335
421
115
101
447
358
119
48
433
458
385
498
271
325
355
175
418
4
379
115
121
464
169
428
291
334
248
8
230
404
311
122
73
73
252
21
462
23
142
451
104
234
128
427
282
172
441
393
75
55
294
267
242
460
248
138
372
314
450
56
463
200
170
124
387
63
157
431
362
205
73
378
333
168
130
135
409
371
420
448
313
292
459
243
472
20
452
191
417
26
343
43
342
18
80
19
499
488
477
425
198
340
128
358
477
268
88
253
59
201
10
70
174
470
188
126
221
54
489
448
465
268
261
382
361
316
74
55
495
76
311
130
408
324
21
469
391
494
355
197
452
322
89
305
17
297
295
121
98
158
24
205
172
267
292
121
49
349
409
356
464
125
450
170
69
59
457
425
145
444
273
178
196
177
452
59
108
68
400
48
418
110
458
23
413
71
251
303
342
425
235
319
67
373
262
42
119
326
417
39
26
187
253
314
101
253
189
20
82
413
226
431
266
123
76
443
473
137
15
207
302
371
412
87
274
200
169
436
493
13
492
148
136
415
261
164
286
20
186
39
150
280
411
233
79
182
137
268
108
182
34
122
386
451
413
230
287
497
35
407
466
26
496
212
365
157
63
265
334
6
234
175
413
289
482
155
165
426
423
195
144
295
271
337
78
370
98
397
269
341
468
208
359
466
133
348
406
466
358
86
208
109
461
404
20
106
448
321
90
66
125
351
324
375
251
93
337
455
159
217
416
102
356
280
194
401
222
283
441
117
414
290
250
32
20
55
114
318
203
117
417
40
200
